-2.490000000000000000e+02 2.875055693946052987e-22
-2.480000000000000000e+02 4.278797644175366854e-22
-2.470000000000000000e+02 6.357734135491351362e-22
-2.460000000000000000e+02 9.431659347155081827e-22
-2.450000000000000000e+02 1.396943943147099099e-21
-2.440000000000000000e+02 2.065736771549098632e-21
-2.430000000000000000e+02 3.049833359432182954e-21
-2.420000000000000000e+02 4.495545208918590530e-21
-2.410000000000000000e+02 6.615973503989091339e-21
-2.400000000000000000e+02 9.720985020300780347e-21
-2.390000000000000000e+02 1.426040695610118280e-20
-2.380000000000000000e+02 2.088616447408810554e-20
-2.370000000000000000e+02 3.054151644284747325e-20
-2.360000000000000000e+02 4.458898934501780976e-20
-2.350000000000000000e+02 6.499347972070892935e-20
-2.340000000000000000e+02 9.458386988221877407e-20
-2.330000000000000000e+02 1.374261872373264936e-19
-2.320000000000000000e+02 1.993549596998347720e-19
-2.310000000000000000e+02 2.887285440846916610e-19
-2.300000000000000000e+02 4.175010055850514176e-19
-2.290000000000000000e+02 6.027406187596987476e-19
-2.280000000000000000e+02 8.687774147040324780e-19
-2.270000000000000000e+02 1.250235175343470064e-18
-2.260000000000000000e+02 1.796304814270390192e-18
-2.250000000000000000e+02 2.576757109154981043e-18
-2.240000000000000000e+02 3.690388266876585891e-18
-2.230000000000000000e+02 5.276862374834123980e-18
-2.220000000000000000e+02 7.533288557462685263e-18
-2.210000000000000000e+02 1.073738603903379002e-17
-2.200000000000000000e+02 1.527979968287304828e-17
-2.190000000000000000e+02 2.170910317848089028e-17
-2.180000000000000000e+02 3.079436362031931641e-17
-2.170000000000000000e+02 4.361197086931711658e-17
-2.160000000000000000e+02 6.166593514909939884e-17
-2.150000000000000000e+02 8.705426622296250790e-17
-2.140000000000000000e+02 1.226986898379846014e-16
-2.130000000000000000e+02 1.726612657898526496e-16
-2.120000000000000000e+02 2.425800293551145758e-16
-2.110000000000000000e+02 3.402673642039793797e-16
-2.100000000000000000e+02 4.765304735299087818e-16
-2.090000000000000000e+02 6.662944392995050402e-16
-2.080000000000000000e+02 9.301368016640148590e-16
-2.070000000000000000e+02 1.296380816825534206e-15
-2.060000000000000000e+02 1.803945832592778738e-15
-2.050000000000000000e+02 2.506221887145274478e-15
-2.040000000000000000e+02 3.476327411194988884e-15
-2.030000000000000000e+02 4.814231344975430029e-15
-2.020000000000000000e+02 6.656384004980455547e-15
-2.010000000000000000e+02 9.188717703479850408e-15
-2.000000000000000000e+02 1.266416554909417554e-14
-1.990000000000000000e+02 1.742622742998038935e-14
-1.980000000000000000e+02 2.394061514095668928e-14
-1.970000000000000000e+02 3.283767206563509989e-14
-1.960000000000000000e+02 4.496913632023311860e-14
-1.950000000000000000e+02 6.148396412704756316e-14
-1.940000000000000000e+02 8.392943572505958591e-14
-1.930000000000000000e+02 1.143857370355951551e-13
-1.920000000000000000e+02 1.556447855046391141e-13
-1.910000000000000000e+02 2.114474268789544440e-13
-1.900000000000000000e+02 2.867975008888097793e-13
-1.890000000000000000e+02 3.883769524427270674e-13
-1.880000000000000000e+02 5.250935277974208811e-13
-1.870000000000000000e+02 7.088021232985038019e-13
-1.860000000000000000e+02 9.552531605297848278e-13
-1.850000000000000000e+02 1.285337225133650322e-12
-1.840000000000000000e+02 1.726715615468762355e-12
-1.830000000000000000e+02 2.315952652684404204e-12
-1.820000000000000000e+02 3.101299185919417851e-12
-1.810000000000000000e+02 4.146319676863115945e-12
-1.800000000000000000e+02 5.534610071701013506e-12
-1.790000000000000000e+02 7.375923508873930946e-12
-1.780000000000000000e+02 9.814109704064990400e-12
-1.770000000000000000e+02 1.303738651690053063e-11
-1.760000000000000000e+02 1.729160486715232663e-11
-1.750000000000000000e+02 2.289734845645552983e-11
-1.740000000000000000e+02 3.027193712690975517e-11
-1.730000000000000000e+02 3.995768886627800215e-11
-1.720000000000000000e+02 5.265815492389201354e-11
-1.710000000000000000e+02 6.928449306969014217e-11
-1.700000000000000000e+02 9.101470764487935083e-11
-1.690000000000000000e+02 1.193691886235720114e-10
-1.680000000000000000e+02 1.563068583601907926e-10
-1.670000000000000000e+02 2.043473242419152552e-10
-1.660000000000000000e+02 2.667257870669008142e-10
-1.650000000000000000e+02 3.475891281239922017e-10
-1.640000000000000000e+02 4.522436647695074370e-10
-1.630000000000000000e+02 5.874676119650492728e-10
-1.620000000000000000e+02 7.619044208991638010e-10
-1.610000000000000000e+02 9.865570119419473892e-10
-1.600000000000000000e+02 1.275407629526044154e-09
-1.590000000000000000e+02 1.646193802710693460e-09
-1.580000000000000000e+02 2.121377913916589735e-09
-1.570000000000000000e+02 2.729356417628662969e-09
-1.560000000000000000e+02 3.505965117042003181e-09
-1.550000000000000000e+02 4.496349462280870056e-09
-1.540000000000000000e+02 5.757284007027173337e-09
-1.530000000000000000e+02 7.360043455081693946e-09
-1.520000000000000000e+02 9.393949736049535415e-09
-1.510000000000000000e+02 1.197074596224001920e-08
-1.500000000000000000e+02 1.522997974471262915e-08
-1.490000000000000000e+02 1.934561612473003848e-08
-1.480000000000000000e+02 2.453414539715462100e-08
-1.470000000000000000e+02 3.106450462377620637e-08
-1.460000000000000000e+02 3.927019510784410866e-08
-1.450000000000000000e+02 4.956405319172498118e-08
-1.440000000000000000e+02 6.245622035317745896e-08
-1.430000000000000000e+02 7.857596288459753111e-08
-1.420000000000000000e+02 9.869811391105963939e-08
-1.410000000000000000e+02 1.237750539286461486e-07
-1.400000000000000000e+02 1.549753135702896746e-07
-1.390000000000000000e+02 1.937300774624827318e-07
-1.380000000000000000e+02 2.417890947674721936e-07
-1.370000000000000000e+02 3.012877646995343441e-07
-1.360000000000000000e+02 3.748274688175234333e-07
-1.350000000000000000e+02 4.655715715783086615e-07
-1.340000000000000000e+02 5.773599123465928868e-07
-1.330000000000000000e+02 7.148450721779500180e-07
-1.320000000000000000e+02 8.836542241315629288e-07
-1.310000000000000000e+02 1.090580974053982894e-06
-1.300000000000000000e+02 1.343812277631521417e-06
-1.290000000000000000e+02 1.653196287427534041e-06
-1.280000000000000000e+02 2.030557849403683593e-06
-1.270000000000000000e+02 2.490069341209752622e-06
-1.260000000000000000e+02 3.048685633689861331e-06
-1.250000000000000000e+02 3.726653172078670938e-06
-1.240000000000000000e+02 4.548104523682655316e-06
-1.230000000000000000e+02 5.541751233646584773e-06
-1.220000000000000000e+02 6.741689478400707066e-06
-1.210000000000000000e+02 8.188334815518199297e-06
-1.200000000000000000e+02 9.929504305851081150e-06
-1.190000000000000000e+02 1.202166643436898071e-05
-1.180000000000000000e+02 1.453138158363135984e-05
-1.170000000000000000e+02 1.753695831946035995e-05
-1.160000000000000000e+02 2.113035343044200975e-05
-1.150000000000000000e+02 2.541934651619924719e-05
-1.140000000000000000e+02 3.053002293467848980e-05
-1.130000000000000000e+02 3.660960208192679671e-05
-1.120000000000000000e+02 4.382965126946311948e-05
-1.110000000000000000e+02 5.238972885856944871e-05
-1.100000000000000000e+02 6.252150377482026044e-05
-1.090000000000000000e+02 7.449340201930505941e-05
-1.080000000000000000e+02 8.861583426604921932e-05
-1.070000000000000000e+02 1.052470620295439943e-04
-1.060000000000000000e+02 1.247997631334374195e-04
-1.050000000000000000e+02 1.477483602320336378e-04
-1.040000000000000000e+02 1.746371788397794674e-04
-1.030000000000000000e+02 2.060895036082787074e-04
-1.020000000000000000e+02 2.428176033416271095e-04
-1.010000000000000000e+02 2.856337963331483836e-04
-1.000000000000000000e+02 3.354626279025118532e-04
-9.900000000000000000e+01 3.933542313630608730e-04
-9.800000000000000000e+01 4.604989418960497567e-04
-9.700000000000000000e+01 5.382432297832623943e-04
-9.600000000000000000e+01 6.281070149764975087e-04
-9.500000000000000000e+01 7.318024188804727725e-04
-9.400000000000000000e+01 8.512540013104985493e-04
-9.300000000000000000e+01 9.886205206735469795e-04
-9.200000000000000000e+01 1.146318243330055444e-03
-9.100000000000000000e+01 1.327045813650575088e-03
-9.000000000000000000e+01 1.533810679324463036e-03
-8.900000000000000000e+01 1.769957046862813280e-03
-8.800000000000000000e+01 2.039195319842280855e-03
-8.700000000000000000e+01 2.345632947166858238e-03
-8.600000000000000000e+01 2.693806580421490363e-03
-8.500000000000000000e+01 3.088715408236768732e-03
-8.400000000000000000e+01 3.535855501507575559e-03
-8.300000000000000000e+01 4.041254966394718789e-03
-8.200000000000000000e+01 4.611509662433043062e-03
-8.100000000000000000e+01 5.253819200985387038e-03
-8.000000000000000000e+01 5.976022895005942727e-03
-7.900000000000000000e+01 6.786635284974871889e-03
-7.800000000000000000e+01 7.694880818387470935e-03
-7.700000000000000000e+01 8.710727211861743133e-03
-7.600000000000000000e+01 9.844916976392443023e-03
-7.500000000000000000e+01 1.110899653824230608e-02
-7.400000000000000000e+01 1.251534234122366959e-02
-7.300000000000000000e+01 1.407718327157483039e-02
-7.200000000000000000e+01 1.580861870524184754e-02
-7.100000000000000000e+01 1.772463144017776687e-02
-7.000000000000000000e+01 1.984109474437028772e-02
-6.900000000000000000e+01 2.217477272485519554e-02
-6.800000000000000000e+01 2.474331320515429922e-02
-6.700000000000000000e+01 2.756523228959335131e-02
-6.600000000000000000e+01 3.065988979400752906e-02
-6.500000000000000000e+01 3.404745473459934446e-02
-6.400000000000000000e+01 3.774886009129897746e-02
-6.300000000000000000e+01 4.178574609992929262e-02
-6.200000000000000000e+01 4.618039137973475178e-02
-6.100000000000000000e+01 5.095563127019422933e-02
-6.000000000000000000e+01 5.613476283413372514e-02
-5.900000000000000000e+01 6.174143608342907291e-02
-5.800000000000000000e+01 6.779953109924782839e-02
-5.700000000000000000e+01 7.433302085078964672e-02
-5.600000000000000000e+01 8.136581966452530179e-02
-5.500000000000000000e+01 8.892161745938634287e-02
-5.400000000000000000e+01 9.702370004128697822e-02
-5.300000000000000000e+01 1.056947559414885690e-01
-5.200000000000000000e+01 1.149566704860350702e-01
-5.100000000000000000e+01 1.248303079958328898e-01
-5.000000000000000000e+01 1.353352832366127023e-01
-4.900000000000000000e+01 1.464897234623657729e-01
-4.800000000000000000e+01 1.583100226219387729e-01
-4.700000000000000000e+01 1.708105895230648541e-01
-4.600000000000000000e+01 1.840035919677198151e-01
-4.500000000000000000e+01 1.978986990836146542e-01
-4.400000000000000000e+01 2.125028242750220675e-01
-4.300000000000000000e+01 2.278198713980090218e-01
-4.200000000000000000e+01 2.438504869265246400e-01
-4.100000000000000000e+01 2.605918210126891843e-01
-4.000000000000000000e+01 2.780373004531941361e-01
-3.900000000000000000e+01 2.961764166502667273e-01
-3.800000000000000000e+01 3.149945316967633357e-01
-3.700000000000000000e+01 3.344727057175640450e-01
-3.600000000000000000e+01 3.545875485608989686e-01
-3.500000000000000000e+01 3.753110988513995716e-01
-3.400000000000000000e+01 3.966107332899649895e-01
-3.300000000000000000e+01 4.184491089130354391e-01
-3.200000000000000000e+01 4.407841408053245202e-01
-3.100000000000000000e+01 4.635690174959984922e-01
-3.000000000000000000e+01 4.867522559599716803e-01
-2.900000000000000000e+01 5.102777977955037514e-01
-2.800000000000000000e+01 5.340851477595170982e-01
-2.700000000000000000e+01 5.581095554166826123e-01
-2.600000000000000000e+01 5.822822402018134058e-01
-2.500000000000000000e+01 6.065306597126334243e-01
-2.400000000000000000e+01 6.307788205474282872e-01
-2.300000000000000000e+01 6.549476304858832254e-01
-2.200000000000000000e+01 6.789552902885679364e-01
-2.100000000000000000e+01 7.027177228683976207e-01
-2.000000000000000000e+01 7.261490370736909394e-01
-1.900000000000000000e+01 7.491620228249926683e-01
-1.800000000000000000e+01 7.716686738745262009e-01
-1.700000000000000000e+01 7.935807340157667866e-01
-1.600000000000000000e+01 8.148102621687294267e-01
-1.500000000000000000e+01 8.352702114112720011e-01
-1.400000000000000000e+01 8.548750167246694787e-01
-1.300000000000000000e+01 8.735411859788502209e-01
-1.200000000000000000e+01 8.911878885041844001e-01
-1.100000000000000000e+01 9.077375354868295609e-01
-1.000000000000000000e+01 9.231163463866357555e-01
-9.000000000000000000e+00 9.372548956126777187e-01
-8.000000000000000000e+00 9.500886338026268696e-01
-7.000000000000000000e+00 9.615583782382693956e-01
-6.000000000000000000e+00 9.716107671891227593e-01
-5.000000000000000000e+00 9.801986733067552526e-01
-4.000000000000000000e+00 9.872815715902905076e-01
-3.000000000000000000e+00 9.928258579038133913e-01
-2.000000000000000000e+00 9.968051145430328885e-01
-1.000000000000000000e+00 9.992003199146837211e-01
0.000000000000000000e+00 1.000000000000000000e+00
1.000000000000000000e+00 9.992003199146837211e-01
2.000000000000000000e+00 9.968051145430328885e-01
3.000000000000000000e+00 9.928258579038133913e-01
4.000000000000000000e+00 9.872815715902905076e-01
5.000000000000000000e+00 9.801986733067552526e-01
6.000000000000000000e+00 9.716107671891227593e-01
7.000000000000000000e+00 9.615583782382693956e-01
8.000000000000000000e+00 9.500886338026268696e-01
9.000000000000000000e+00 9.372548956126777187e-01
1.000000000000000000e+01 9.231163463866357555e-01
1.100000000000000000e+01 9.077375354868295609e-01
1.200000000000000000e+01 8.911878885041844001e-01
1.300000000000000000e+01 8.735411859788502209e-01
1.400000000000000000e+01 8.548750167246694787e-01
1.500000000000000000e+01 8.352702114112720011e-01
1.600000000000000000e+01 8.148102621687294267e-01
1.700000000000000000e+01 7.935807340157667866e-01
1.800000000000000000e+01 7.716686738745262009e-01
1.900000000000000000e+01 7.491620228249926683e-01
2.000000000000000000e+01 7.261490370736909394e-01
2.100000000000000000e+01 7.027177228683976207e-01
2.200000000000000000e+01 6.789552902885679364e-01
2.300000000000000000e+01 6.549476304858832254e-01
2.400000000000000000e+01 6.307788205474282872e-01
2.500000000000000000e+01 6.065306597126334243e-01
2.600000000000000000e+01 5.822822402018134058e-01
2.700000000000000000e+01 5.581095554166826123e-01
2.800000000000000000e+01 5.340851477595170982e-01
2.900000000000000000e+01 5.102777977955037514e-01
3.000000000000000000e+01 4.867522559599716803e-01
3.100000000000000000e+01 4.635690174959984922e-01
3.200000000000000000e+01 4.407841408053245202e-01
3.300000000000000000e+01 4.184491089130354391e-01
3.400000000000000000e+01 3.966107332899649895e-01
3.500000000000000000e+01 3.753110988513995716e-01
3.600000000000000000e+01 3.545875485608989686e-01
3.700000000000000000e+01 3.344727057175640450e-01
3.800000000000000000e+01 3.149945316967633357e-01
3.900000000000000000e+01 2.961764166502667273e-01
4.000000000000000000e+01 2.780373004531941361e-01
4.100000000000000000e+01 2.605918210126891843e-01
4.200000000000000000e+01 2.438504869265246400e-01
4.300000000000000000e+01 2.278198713980090218e-01
4.400000000000000000e+01 2.125028242750220675e-01
4.500000000000000000e+01 1.978986990836146542e-01
4.600000000000000000e+01 1.840035919677198151e-01
4.700000000000000000e+01 1.708105895230648541e-01
4.800000000000000000e+01 1.583100226219387729e-01
4.900000000000000000e+01 1.464897234623657729e-01
5.000000000000000000e+01 1.353352832366127023e-01
5.100000000000000000e+01 1.248303079958328898e-01
5.200000000000000000e+01 1.149566704860350702e-01
5.300000000000000000e+01 1.056947559414885690e-01
5.400000000000000000e+01 9.702370004128697822e-02
5.500000000000000000e+01 8.892161745938634287e-02
5.600000000000000000e+01 8.136581966452530179e-02
5.700000000000000000e+01 7.433302085078964672e-02
5.800000000000000000e+01 6.779953109924782839e-02
5.900000000000000000e+01 6.174143608342907291e-02
6.000000000000000000e+01 5.613476283413372514e-02
6.100000000000000000e+01 5.095563127019422933e-02
6.200000000000000000e+01 4.618039137973475178e-02
6.300000000000000000e+01 4.178574609992929262e-02
6.400000000000000000e+01 3.774886009129897746e-02
6.500000000000000000e+01 3.404745473459934446e-02
6.600000000000000000e+01 3.065988979400752906e-02
6.700000000000000000e+01 2.756523228959335131e-02
6.800000000000000000e+01 2.474331320515429922e-02
6.900000000000000000e+01 2.217477272485519554e-02
7.000000000000000000e+01 1.984109474437028772e-02
7.100000000000000000e+01 1.772463144017776687e-02
7.200000000000000000e+01 1.580861870524184754e-02
7.300000000000000000e+01 1.407718327157483039e-02
7.400000000000000000e+01 1.251534234122366959e-02
7.500000000000000000e+01 1.110899653824230608e-02
7.600000000000000000e+01 9.844916976392443023e-03
7.700000000000000000e+01 8.710727211861743133e-03
7.800000000000000000e+01 7.694880818387470935e-03
7.900000000000000000e+01 6.786635284974871889e-03
8.000000000000000000e+01 5.976022895005942727e-03
8.100000000000000000e+01 5.253819200985387038e-03
8.200000000000000000e+01 4.611509662433043062e-03
8.300000000000000000e+01 4.041254966394718789e-03
8.400000000000000000e+01 3.535855501507575559e-03
8.500000000000000000e+01 3.088715408236768732e-03
8.600000000000000000e+01 2.693806580421490363e-03
8.700000000000000000e+01 2.345632947166858238e-03
8.800000000000000000e+01 2.039195319842280855e-03
8.900000000000000000e+01 1.769957046862813280e-03
9.000000000000000000e+01 1.533810679324463036e-03
9.100000000000000000e+01 1.327045813650575088e-03
9.200000000000000000e+01 1.146318243330055444e-03
9.300000000000000000e+01 9.886205206735469795e-04
9.400000000000000000e+01 8.512540013104985493e-04
9.500000000000000000e+01 7.318024188804727725e-04
9.600000000000000000e+01 6.281070149764975087e-04
9.700000000000000000e+01 5.382432297832623943e-04
9.800000000000000000e+01 4.604989418960497567e-04
9.900000000000000000e+01 3.933542313630608730e-04
1.000000000000000000e+02 3.354626279025118532e-04
1.010000000000000000e+02 2.856337963331483836e-04
1.020000000000000000e+02 2.428176033416271095e-04
1.030000000000000000e+02 2.060895036082787074e-04
1.040000000000000000e+02 1.746371788397794674e-04
1.050000000000000000e+02 1.477483602320336378e-04
1.060000000000000000e+02 1.247997631334374195e-04
1.070000000000000000e+02 1.052470620295439943e-04
1.080000000000000000e+02 8.861583426604921932e-05
1.090000000000000000e+02 7.449340201930505941e-05
1.100000000000000000e+02 6.252150377482026044e-05
1.110000000000000000e+02 5.238972885856944871e-05
1.120000000000000000e+02 4.382965126946311948e-05
1.130000000000000000e+02 3.660960208192679671e-05
1.140000000000000000e+02 3.053002293467848980e-05
1.150000000000000000e+02 2.541934651619924719e-05
1.160000000000000000e+02 2.113035343044200975e-05
1.170000000000000000e+02 1.753695831946035995e-05
1.180000000000000000e+02 1.453138158363135984e-05
1.190000000000000000e+02 1.202166643436898071e-05
1.200000000000000000e+02 9.929504305851081150e-06
1.210000000000000000e+02 8.188334815518199297e-06
1.220000000000000000e+02 6.741689478400707066e-06
1.230000000000000000e+02 5.541751233646584773e-06
1.240000000000000000e+02 4.548104523682655316e-06
1.250000000000000000e+02 3.726653172078670938e-06
1.260000000000000000e+02 3.048685633689861331e-06
1.270000000000000000e+02 2.490069341209752622e-06
1.280000000000000000e+02 2.030557849403683593e-06
1.290000000000000000e+02 1.653196287427534041e-06
1.300000000000000000e+02 1.343812277631521417e-06
1.310000000000000000e+02 1.090580974053982894e-06
1.320000000000000000e+02 8.836542241315629288e-07
1.330000000000000000e+02 7.148450721779500180e-07
1.340000000000000000e+02 5.773599123465928868e-07
1.350000000000000000e+02 4.655715715783086615e-07
1.360000000000000000e+02 3.748274688175234333e-07
1.370000000000000000e+02 3.012877646995343441e-07
1.380000000000000000e+02 2.417890947674721936e-07
1.390000000000000000e+02 1.937300774624827318e-07
1.400000000000000000e+02 1.549753135702896746e-07
1.410000000000000000e+02 1.237750539286461486e-07
1.420000000000000000e+02 9.869811391105963939e-08
1.430000000000000000e+02 7.857596288459753111e-08
1.440000000000000000e+02 6.245622035317745896e-08
1.450000000000000000e+02 4.956405319172498118e-08
1.460000000000000000e+02 3.927019510784410866e-08
1.470000000000000000e+02 3.106450462377620637e-08
1.480000000000000000e+02 2.453414539715462100e-08
1.490000000000000000e+02 1.934561612473003848e-08
1.500000000000000000e+02 1.522997974471262915e-08
1.510000000000000000e+02 1.197074596224001920e-08
1.520000000000000000e+02 9.393949736049535415e-09
1.530000000000000000e+02 7.360043455081693946e-09
1.540000000000000000e+02 5.757284007027173337e-09
1.550000000000000000e+02 4.496349462280870056e-09
1.560000000000000000e+02 3.505965117042003181e-09
1.570000000000000000e+02 2.729356417628662969e-09
1.580000000000000000e+02 2.121377913916589735e-09
1.590000000000000000e+02 1.646193802710693460e-09
1.600000000000000000e+02 1.275407629526044154e-09
1.610000000000000000e+02 9.865570119419473892e-10
1.620000000000000000e+02 7.619044208991638010e-10
1.630000000000000000e+02 5.874676119650492728e-10
1.640000000000000000e+02 4.522436647695074370e-10
1.650000000000000000e+02 3.475891281239922017e-10
1.660000000000000000e+02 2.667257870669008142e-10
1.670000000000000000e+02 2.043473242419152552e-10
1.680000000000000000e+02 1.563068583601907926e-10
1.690000000000000000e+02 1.193691886235720114e-10
1.700000000000000000e+02 9.101470764487935083e-11
1.710000000000000000e+02 6.928449306969014217e-11
1.720000000000000000e+02 5.265815492389201354e-11
1.730000000000000000e+02 3.995768886627800215e-11
1.740000000000000000e+02 3.027193712690975517e-11
1.750000000000000000e+02 2.289734845645552983e-11
1.760000000000000000e+02 1.729160486715232663e-11
1.770000000000000000e+02 1.303738651690053063e-11
1.780000000000000000e+02 9.814109704064990400e-12
1.790000000000000000e+02 7.375923508873930946e-12
1.800000000000000000e+02 5.534610071701013506e-12
1.810000000000000000e+02 4.146319676863115945e-12
1.820000000000000000e+02 3.101299185919417851e-12
1.830000000000000000e+02 2.315952652684404204e-12
1.840000000000000000e+02 1.726715615468762355e-12
1.850000000000000000e+02 1.285337225133650322e-12
1.860000000000000000e+02 9.552531605297848278e-13
1.870000000000000000e+02 7.088021232985038019e-13
1.880000000000000000e+02 5.250935277974208811e-13
1.890000000000000000e+02 3.883769524427270674e-13
1.900000000000000000e+02 2.867975008888097793e-13
1.910000000000000000e+02 2.114474268789544440e-13
1.920000000000000000e+02 1.556447855046391141e-13
1.930000000000000000e+02 1.143857370355951551e-13
1.940000000000000000e+02 8.392943572505958591e-14
1.950000000000000000e+02 6.148396412704756316e-14
1.960000000000000000e+02 4.496913632023311860e-14
1.970000000000000000e+02 3.283767206563509989e-14
1.980000000000000000e+02 2.394061514095668928e-14
1.990000000000000000e+02 1.742622742998038935e-14
2.000000000000000000e+02 1.266416554909417554e-14
2.010000000000000000e+02 9.188717703479850408e-15
2.020000000000000000e+02 6.656384004980455547e-15
2.030000000000000000e+02 4.814231344975430029e-15
2.040000000000000000e+02 3.476327411194988884e-15
2.050000000000000000e+02 2.506221887145274478e-15
2.060000000000000000e+02 1.803945832592778738e-15
2.070000000000000000e+02 1.296380816825534206e-15
2.080000000000000000e+02 9.301368016640148590e-16
2.090000000000000000e+02 6.662944392995050402e-16
2.100000000000000000e+02 4.765304735299087818e-16
2.110000000000000000e+02 3.402673642039793797e-16
2.120000000000000000e+02 2.425800293551145758e-16
2.130000000000000000e+02 1.726612657898526496e-16
2.140000000000000000e+02 1.226986898379846014e-16
2.150000000000000000e+02 8.705426622296250790e-17
2.160000000000000000e+02 6.166593514909939884e-17
2.170000000000000000e+02 4.361197086931711658e-17
2.180000000000000000e+02 3.079436362031931641e-17
2.190000000000000000e+02 2.170910317848089028e-17
2.200000000000000000e+02 1.527979968287304828e-17
2.210000000000000000e+02 1.073738603903379002e-17
2.220000000000000000e+02 7.533288557462685263e-18
2.230000000000000000e+02 5.276862374834123980e-18
2.240000000000000000e+02 3.690388266876585891e-18
2.250000000000000000e+02 2.576757109154981043e-18
2.260000000000000000e+02 1.796304814270390192e-18
2.270000000000000000e+02 1.250235175343470064e-18
2.280000000000000000e+02 8.687774147040324780e-19
2.290000000000000000e+02 6.027406187596987476e-19
2.300000000000000000e+02 4.175010055850514176e-19
2.310000000000000000e+02 2.887285440846916610e-19
2.320000000000000000e+02 1.993549596998347720e-19
2.330000000000000000e+02 1.374261872373264936e-19
2.340000000000000000e+02 9.458386988221877407e-20
2.350000000000000000e+02 6.499347972070892935e-20
2.360000000000000000e+02 4.458898934501780976e-20
2.370000000000000000e+02 3.054151644284747325e-20
2.380000000000000000e+02 2.088616447408810554e-20
2.390000000000000000e+02 1.426040695610118280e-20
2.400000000000000000e+02 9.720985020300780347e-21
2.410000000000000000e+02 6.615973503989091339e-21
2.420000000000000000e+02 4.495545208918590530e-21
2.430000000000000000e+02 3.049833359432182954e-21
2.440000000000000000e+02 2.065736771549098632e-21
2.450000000000000000e+02 1.396943943147099099e-21
2.460000000000000000e+02 9.431659347155081827e-22
2.470000000000000000e+02 6.357734135491351362e-22
2.480000000000000000e+02 4.278797644175366854e-22
2.490000000000000000e+02 2.875055693946052987e-22
