-2.490000000000000000e+02 3.235235547834156011e-03
-2.480000000000000000e+02 3.196490584034317184e-03
-2.470000000000000000e+02 3.119459098985616352e-03
-2.460000000000000000e+02 3.005052625501601279e-03
-2.450000000000000000e+02 2.854625143668011039e-03
-2.440000000000000000e+02 2.669957269624156915e-03
-2.430000000000000000e+02 2.453235458090126386e-03
-2.420000000000000000e+02 2.207026458053173469e-03
-2.410000000000000000e+02 1.934247315746619005e-03
-2.400000000000000000e+02 1.638131270448097213e-03
-2.390000000000000000e+02 1.322189936089682855e-03
-2.380000000000000000e+02 9.901722046799779284e-04
-2.370000000000000000e+02 6.460203456043877440e-04
-2.360000000000000000e+02 2.938238075357309069e-04
-2.350000000000000000e+02 -6.222874339173001083e-05
-2.340000000000000000e+02 -4.178985946553579302e-04
-2.330000000000000000e+02 -7.689467986374177609e-04
-2.320000000000000000e+02 -1.111184047071170182e-03
-2.310000000000000000e+02 -1.440520030111218895e-03
-2.300000000000000000e+02 -1.753011706643093064e-03
-2.290000000000000000e+02 -2.044909924157999829e-03
-2.280000000000000000e+02 -2.312703844660578614e-03
-2.270000000000000000e+02 -2.553162657463929099e-03
-2.260000000000000000e+02 -2.763374090083631392e-03
-2.250000000000000000e+02 -2.940779264442289383e-03
-2.240000000000000000e+02 -3.083203486845336252e-03
-2.230000000000000000e+02 -3.188882606209746118e-03
-2.220000000000000000e+02 -3.256484625332583052e-03
-2.210000000000000000e+02 -3.285126304002626216e-03
-2.200000000000000000e+02 -3.274384549875365702e-03
-2.190000000000000000e+02 -3.224302452618173914e-03
-2.180000000000000000e+02 -3.135389878216670104e-03
-2.170000000000000000e+02 -3.008618602828494817e-03
-2.160000000000000000e+02 -2.845412028441032803e-03
-2.150000000000000000e+02 -2.647629585184439402e-03
-2.140000000000000000e+02 -2.417545986679389344e-03
-2.130000000000000000e+02 -2.157825564645306574e-03
-2.120000000000000000e+02 -1.871491966385294137e-03
-2.110000000000000000e+02 -1.561893553133373268e-03
-2.100000000000000000e+02 -1.232664887894386989e-03
-2.090000000000000000e+02 -8.876847477728129834e-04
-2.080000000000000000e+02 -5.310311373556367981e-04
-2.070000000000000000e+02 -1.669338159443678124e-04
-2.060000000000000000e+02 2.002751180534656332e-04
-2.050000000000000000e+02 5.662120178714850731e-04
-2.040000000000000000e+02 9.264932685644463109e-04
-2.030000000000000000e+02 1.276787059558638551e-03
-2.020000000000000000e+02 1.612864747936890251e-03
-2.010000000000000000e+02 1.930651213112848357e-03
-2.000000000000000000e+02 2.226273612717013378e-03
-1.990000000000000000e+02 2.496107965470245431e-03
-1.980000000000000000e+02 2.736823009427756959e-03
-1.970000000000000000e+02 2.945420812988828844e-03
-1.960000000000000000e+02 3.119273651198345779e-03
-1.950000000000000000e+02 3.256156700749693149e-03
-1.940000000000000000e+02 3.354276153277237910e-03
-1.930000000000000000e+02 3.412292397524676300e-03
-1.920000000000000000e+02 3.429337976222868352e-03
-1.910000000000000000e+02 3.405030082413744094e-03
-1.900000000000000000e+02 3.339477421850759603e-03
-1.890000000000000000e+02 3.233281332315069735e-03
-1.880000000000000000e+02 3.087531116503488410e-03
-1.870000000000000000e+02 2.903793611797236135e-03
-1.860000000000000000e+02 2.684097087002471071e-03
-1.850000000000000000e+02 2.430909622265688824e-03
-1.840000000000000000e+02 2.147112193092265767e-03
-1.830000000000000000e+02 1.835966741956898338e-03
-1.820000000000000000e+02 1.501079580694829677e-03
-1.810000000000000000e+02 1.146360522995633693e-03
-1.800000000000000000e+02 7.759781982241940879e-04
-1.790000000000000000e+02 3.943120448600453271e-04
-1.780000000000000000e+02 5.901523502022110179e-06
-1.770000000000000000e+02 -3.846068748701372830e-04
-1.760000000000000000e+02 -7.725142203080671149e-04
-1.750000000000000000e+02 -1.153124707265921773e-03
-1.740000000000000000e+02 -1.521801546614064051e-03
-1.730000000000000000e+02 -1.874022534647327856e-03
-1.720000000000000000e+02 -2.205434646522624539e-03
-1.710000000000000000e+02 -2.511907008122974804e-03
-1.700000000000000000e+02 -2.789581614370977881e-03
-1.690000000000000000e+02 -3.034921183399459568e-03
-1.680000000000000000e+02 -3.244753564542284842e-03
-1.670000000000000000e+02 -3.416312153575268296e-03
-1.660000000000000000e+02 -3.547271810651834133e-03
-1.650000000000000000e+02 -3.635779824538474397e-03
-1.640000000000000000e+02 -3.680481520542857286e-03
-1.630000000000000000e+02 -3.680540168399076308e-03
-1.620000000000000000e+02 -3.635650909687696518e-03
-1.610000000000000000e+02 -3.546048491454855539e-03
-1.600000000000000000e+02 -3.412508662825809724e-03
-1.590000000000000000e+02 -3.236343163801305017e-03
-1.580000000000000000e+02 -3.019388309299828391e-03
-1.570000000000000000e+02 -2.763987246020502449e-03
-1.560000000000000000e+02 -2.472966034024429161e-03
-1.550000000000000000e+02 -2.149603778210697202e-03
-1.540000000000000000e+02 -1.797597106260017882e-03
-1.530000000000000000e+02 -1.421019358303099792e-03
-1.520000000000000000e+02 -1.024274918736828299e-03
-1.510000000000000000e+02 -6.120491814741568087e-04
-1.500000000000000000e+02 -1.892546957520165746e-04
-1.490000000000000000e+02 2.390259102704444388e-04
-1.480000000000000000e+02 6.675995871267574253e-04
-1.470000000000000000e+02 1.091224425041887984e-03
-1.460000000000000000e+02 1.504672411058018654e-03
-1.450000000000000000e+02 1.902792653448693964e-03
-1.440000000000000000e+02 2.280574331173532230e-03
-1.430000000000000000e+02 2.633208621135988727e-03
-1.420000000000000000e+02 2.956148859608704119e-03
-1.410000000000000000e+02 3.245168206435013712e-03
-1.400000000000000000e+02 3.496414101487914199e-03
-1.390000000000000000e+02 3.706458832232576404e-03
-1.380000000000000000e+02 3.872345568876371050e-03
-1.370000000000000000e+02 3.991629269200738100e-03
-1.360000000000000000e+02 4.062411908316216659e-03
-1.350000000000000000e+02 4.083371548808034310e-03
-1.340000000000000000e+02 4.053784833424028955e-03
-1.330000000000000000e+02 3.973542554984219217e-03
-1.320000000000000000e+02 3.843158035784301901e-03
-1.310000000000000000e+02 3.663768130668607417e-03
-1.300000000000000000e+02 3.437126753281210395e-03
-1.290000000000000000e+02 3.165590912859493969e-03
-1.280000000000000000e+02 2.852099338394277310e-03
-1.270000000000000000e+02 2.500143857028998794e-03
-1.260000000000000000e+02 2.113733783249397216e-03
-1.250000000000000000e+02 1.697353663686666791e-03
-1.240000000000000000e+02 1.255914808233187310e-03
-1.230000000000000000e+02 7.947011206504376452e-04
-1.220000000000000000e+02 3.193098199499467410e-04
-1.210000000000000000e+02 -1.644122833713672349e-04
-1.200000000000000000e+02 -6.504362255808811277e-04
-1.190000000000000000e+02 -1.132621252252113617e-03
-1.180000000000000000e+02 -1.604787263217144141e-03
-1.170000000000000000e+02 -2.060788454906093727e-03
-1.160000000000000000e+02 -2.494587241082027972e-03
-1.150000000000000000e+02 -2.900327508738275752e-03
-1.140000000000000000e+02 -3.272406251842839391e-03
-1.130000000000000000e+02 -3.605542622049269508e-03
-1.120000000000000000e+02 -3.894843442673166616e-03
-1.110000000000000000e+02 -4.135864250297050827e-03
-1.100000000000000000e+02 -4.324664957320442302e-03
-1.090000000000000000e+02 -4.457859268524669294e-03
-1.080000000000000000e+02 -4.532657035052545767e-03
-1.070000000000000000e+02 -4.546898789783383396e-03
-1.060000000000000000e+02 -4.499081778474635709e-03
-1.050000000000000000e+02 -4.388376880679513078e-03
-1.040000000000000000e+02 -4.214635902685982816e-03
-1.030000000000000000e+02 -3.978388820788371534e-03
-1.020000000000000000e+02 -3.680830656244273719e-03
-1.010000000000000000e+02 -3.323797772345349864e-03
-1.000000000000000000e+02 -2.909733498118200617e-03
-9.900000000000000000e+01 -2.441643101175445044e-03
-9.800000000000000000e+01 -1.923038253013547791e-03
-9.700000000000000000e+01 -1.357871252395516024e-03
-9.600000000000000000e+01 -7.504593951286678277e-04
-9.500000000000000000e+01 -1.054000002919767975e-04
-9.400000000000000000e+01 5.725232775039973410e-04
-9.300000000000000000e+01 1.278442104185074923e-03
-9.200000000000000000e+01 2.007512233674122945e-03
-9.100000000000000000e+01 2.755028424485128982e-03
-9.000000000000000000e+01 3.516544445063468638e-03
-8.900000000000000000e+01 4.287997017684048659e-03
-8.800000000000000000e+01 5.065832470342011146e-03
-8.700000000000000000e+01 5.847134796123957048e-03
-8.600000000000000000e+01 6.629753760960246586e-03
-8.500000000000000000e+01 7.412431654256427388e-03
-8.400000000000000000e+01 8.194927243412905571e-03
-8.300000000000000000e+01 8.978135473270960551e-03
-8.200000000000000000e+01 9.764201445558551989e-03
-8.100000000000000000e+01 1.055662722181488315e-02
-8.000000000000000000e+01 1.136037001625724192e-02
-7.900000000000000000e+01 1.218193038272633207e-02
-7.800000000000000000e+01 1.302942905212442840e-02
-7.700000000000000000e+01 1.391267114347091542e-02
-7.600000000000000000e+01 1.484319655248711109e-02
-7.500000000000000000e+01 1.583431541600446857e-02
-7.400000000000000000e+01 1.690112765785750301e-02
-7.300000000000000000e+01 1.806052574150478207e-02
-7.200000000000000000e+01 1.933117988554508559e-02
-7.100000000000000000e+01 2.073350513954601640e-02
-7.000000000000000000e+01 2.228960986805677419e-02
-6.900000000000000000e+01 2.402322534911626589e-02
-6.800000000000000000e+01 2.595961635864873704e-02
-6.700000000000000000e+01 2.812547278248091198e-02
-6.600000000000000000e+01 3.054878247180780118e-02
-6.500000000000000000e+01 3.325868573426816327e-02
-6.400000000000000000e+01 3.628531202975453923e-02
-6.300000000000000000e+01 3.965959961608905848e-02
-6.200000000000000000e+01 4.341309906308728900e-02
-6.100000000000000000e+01 4.757776172269713444e-02
-6.000000000000000000e+01 5.218571440621071894e-02
-5.900000000000000000e+01 5.726902167541426253e-02
-5.800000000000000000e+01 6.285943730142909414e-02
-5.700000000000000000e+01 6.898814658141393108e-02
-5.600000000000000000e+01 7.568550132783612161e-02
-5.500000000000000000e+01 8.298074945635978972e-02
-5.400000000000000000e+01 9.090176119531689913e-02
-5.300000000000000000e+01 9.947475402111156939e-02
-5.200000000000000000e+01 1.087240184887896949e-01
-5.100000000000000000e+01 1.186716471745224988e-01
-5.000000000000000000e+01 1.293372689762089522e-01
-4.900000000000000000e+01 1.407377910292564316e-01
-4.800000000000000000e+01 1.528871504864467434e-01
-4.700000000000000000e+01 1.657960783834202256e-01
-4.600000000000000000e+01 1.794718777646620855e-01
-4.500000000000000000e+01 1.939182181790492510e-01
-4.400000000000000000e+01 2.091349485693279053e-01
-4.300000000000000000e+01 2.251179304767582379e-01
-4.200000000000000000e+01 2.418588933612562386e-01
-4.100000000000000000e+01 2.593453136994248731e-01
-4.000000000000000000e+01 2.775603193688864212e-01
-3.900000000000000000e+01 2.964826206583694446e-01
-3.800000000000000000e+01 3.160864690603445992e-01
-3.700000000000000000e+01 3.363416448079845633e-01
-3.600000000000000000e+01 3.572134739123735692e-01
-3.500000000000000000e+01 3.786628752407963927e-01
-3.400000000000000000e+01 4.006464379543188681e-01
-3.300000000000000000e+01 4.231165293945005623e-01
-3.200000000000000000e+01 4.460214332768237533e-01
-3.100000000000000000e+01 4.693055178141796180e-01
-3.000000000000000000e+01 4.929094331594602307e-01
-2.900000000000000000e+01 5.167703373239191933e-01
-2.800000000000000000e+01 5.408221494994579492e-01
-2.700000000000000000e+01 5.649958294902707179e-01
-2.600000000000000000e+01 5.892196817443029477e-01
-2.500000000000000000e+01 6.134196822695276996e-01
-2.400000000000000000e+01 6.375198265259923724e-01
-2.300000000000000000e+01 6.614424962035508893e-01
-2.200000000000000000e+01 6.851088426288565181e-01
-2.100000000000000000e+01 7.084391843949761070e-01
-2.000000000000000000e+01 7.313534166742990950e-01
-1.900000000000000000e+01 7.537714295614631466e-01
-1.800000000000000000e+01 7.756135326988594647e-01
-1.700000000000000000e+01 7.968008833638485777e-01
-1.600000000000000000e+01 8.172559151448328674e-01
-1.500000000000000000e+01 8.369027643033540853e-01
-1.400000000000000000e+01 8.556676909117949537e-01
-1.300000000000000000e+01 8.734794918712627254e-01
-1.200000000000000000e+01 8.902699029517867624e-01
-1.100000000000000000e+01 9.059739870569234466e-01
-1.000000000000000000e+01 9.205305059968128534e-01
-9.000000000000000000e+00 9.338822731571275737e-01
-8.000000000000000000e+00 9.459764845754286000e-01
-7.000000000000000000e+00 9.567650260802971207e-01
-6.000000000000000000e+00 9.662047543111056402e-01
-5.000000000000000000e+00 9.742577496162164730e-01
-4.000000000000000000e+00 9.808915390233233778e-01
-3.000000000000000000e+00 9.860792876860292600e-01
-2.000000000000000000e+00 9.897999574339567674e-01
-1.000000000000000000e+00 9.920384312878763877e-01
0.000000000000000000e+00 9.927856030447189672e-01
1.000000000000000000e+00 9.920384312878763877e-01
2.000000000000000000e+00 9.897999574339567674e-01
3.000000000000000000e+00 9.860792876860292600e-01
4.000000000000000000e+00 9.808915390233233778e-01
5.000000000000000000e+00 9.742577496162164730e-01
6.000000000000000000e+00 9.662047543111056402e-01
7.000000000000000000e+00 9.567650260802971207e-01
8.000000000000000000e+00 9.459764845754286000e-01
9.000000000000000000e+00 9.338822731571275737e-01
1.000000000000000000e+01 9.205305059968128534e-01
1.100000000000000000e+01 9.059739870569234466e-01
1.200000000000000000e+01 8.902699029517867624e-01
1.300000000000000000e+01 8.734794918712627254e-01
1.400000000000000000e+01 8.556676909117949537e-01
1.500000000000000000e+01 8.369027643033540853e-01
1.600000000000000000e+01 8.172559151448328674e-01
1.700000000000000000e+01 7.968008833638485777e-01
1.800000000000000000e+01 7.756135326988594647e-01
1.900000000000000000e+01 7.537714295614631466e-01
2.000000000000000000e+01 7.313534166742990950e-01
2.100000000000000000e+01 7.084391843949761070e-01
2.200000000000000000e+01 6.851088426288565181e-01
2.300000000000000000e+01 6.614424962035508893e-01
2.400000000000000000e+01 6.375198265259923724e-01
2.500000000000000000e+01 6.134196822695276996e-01
2.600000000000000000e+01 5.892196817443029477e-01
2.700000000000000000e+01 5.649958294902707179e-01
2.800000000000000000e+01 5.408221494994579492e-01
2.900000000000000000e+01 5.167703373239191933e-01
3.000000000000000000e+01 4.929094331594602307e-01
3.100000000000000000e+01 4.693055178141796180e-01
3.200000000000000000e+01 4.460214332768237533e-01
3.300000000000000000e+01 4.231165293945005623e-01
3.400000000000000000e+01 4.006464379543188681e-01
3.500000000000000000e+01 3.786628752407963927e-01
3.600000000000000000e+01 3.572134739123735692e-01
3.700000000000000000e+01 3.363416448079845633e-01
3.800000000000000000e+01 3.160864690603445992e-01
3.900000000000000000e+01 2.964826206583694446e-01
4.000000000000000000e+01 2.775603193688864212e-01
4.100000000000000000e+01 2.593453136994248731e-01
4.200000000000000000e+01 2.418588933612562386e-01
4.300000000000000000e+01 2.251179304767582379e-01
4.400000000000000000e+01 2.091349485693279053e-01
4.500000000000000000e+01 1.939182181790492510e-01
4.600000000000000000e+01 1.794718777646620855e-01
4.700000000000000000e+01 1.657960783834202256e-01
4.800000000000000000e+01 1.528871504864467434e-01
4.900000000000000000e+01 1.407377910292564316e-01
5.000000000000000000e+01 1.293372689762089522e-01
5.100000000000000000e+01 1.186716471745224988e-01
5.200000000000000000e+01 1.087240184887896949e-01
5.300000000000000000e+01 9.947475402111156939e-02
5.400000000000000000e+01 9.090176119531689913e-02
5.500000000000000000e+01 8.298074945635978972e-02
5.600000000000000000e+01 7.568550132783612161e-02
5.700000000000000000e+01 6.898814658141393108e-02
5.800000000000000000e+01 6.285943730142909414e-02
5.900000000000000000e+01 5.726902167541426253e-02
6.000000000000000000e+01 5.218571440621071894e-02
6.100000000000000000e+01 4.757776172269713444e-02
6.200000000000000000e+01 4.341309906308728900e-02
6.300000000000000000e+01 3.965959961608905848e-02
6.400000000000000000e+01 3.628531202975453923e-02
6.500000000000000000e+01 3.325868573426816327e-02
6.600000000000000000e+01 3.054878247180780118e-02
6.700000000000000000e+01 2.812547278248091198e-02
6.800000000000000000e+01 2.595961635864873704e-02
6.900000000000000000e+01 2.402322534911626589e-02
7.000000000000000000e+01 2.228960986805677419e-02
7.100000000000000000e+01 2.073350513954601640e-02
7.200000000000000000e+01 1.933117988554508559e-02
7.300000000000000000e+01 1.806052574150478207e-02
7.400000000000000000e+01 1.690112765785750301e-02
7.500000000000000000e+01 1.583431541600446857e-02
7.600000000000000000e+01 1.484319655248711109e-02
7.700000000000000000e+01 1.391267114347091542e-02
7.800000000000000000e+01 1.302942905212442840e-02
7.900000000000000000e+01 1.218193038272633207e-02
8.000000000000000000e+01 1.136037001625724192e-02
8.100000000000000000e+01 1.055662722181488315e-02
8.200000000000000000e+01 9.764201445558551989e-03
8.300000000000000000e+01 8.978135473270960551e-03
8.400000000000000000e+01 8.194927243412905571e-03
8.500000000000000000e+01 7.412431654256427388e-03
8.600000000000000000e+01 6.629753760960246586e-03
8.700000000000000000e+01 5.847134796123957048e-03
8.800000000000000000e+01 5.065832470342011146e-03
8.900000000000000000e+01 4.287997017684048659e-03
9.000000000000000000e+01 3.516544445063468638e-03
9.100000000000000000e+01 2.755028424485128982e-03
9.200000000000000000e+01 2.007512233674122945e-03
9.300000000000000000e+01 1.278442104185074923e-03
9.400000000000000000e+01 5.725232775039973410e-04
9.500000000000000000e+01 -1.054000002919767975e-04
9.600000000000000000e+01 -7.504593951286678277e-04
9.700000000000000000e+01 -1.357871252395516024e-03
9.800000000000000000e+01 -1.923038253013547791e-03
9.900000000000000000e+01 -2.441643101175445044e-03
1.000000000000000000e+02 -2.909733498118200617e-03
1.010000000000000000e+02 -3.323797772345349864e-03
1.020000000000000000e+02 -3.680830656244273719e-03
1.030000000000000000e+02 -3.978388820788371534e-03
1.040000000000000000e+02 -4.214635902685982816e-03
1.050000000000000000e+02 -4.388376880679513078e-03
1.060000000000000000e+02 -4.499081778474635709e-03
1.070000000000000000e+02 -4.546898789783383396e-03
1.080000000000000000e+02 -4.532657035052545767e-03
1.090000000000000000e+02 -4.457859268524669294e-03
1.100000000000000000e+02 -4.324664957320442302e-03
1.110000000000000000e+02 -4.135864250297050827e-03
1.120000000000000000e+02 -3.894843442673166616e-03
1.130000000000000000e+02 -3.605542622049269508e-03
1.140000000000000000e+02 -3.272406251842839391e-03
1.150000000000000000e+02 -2.900327508738275752e-03
1.160000000000000000e+02 -2.494587241082027972e-03
1.170000000000000000e+02 -2.060788454906093727e-03
1.180000000000000000e+02 -1.604787263217144141e-03
1.190000000000000000e+02 -1.132621252252113617e-03
1.200000000000000000e+02 -6.504362255808811277e-04
1.210000000000000000e+02 -1.644122833713672349e-04
1.220000000000000000e+02 3.193098199499467410e-04
1.230000000000000000e+02 7.947011206504376452e-04
1.240000000000000000e+02 1.255914808233187310e-03
1.250000000000000000e+02 1.697353663686666791e-03
1.260000000000000000e+02 2.113733783249397216e-03
1.270000000000000000e+02 2.500143857028998794e-03
1.280000000000000000e+02 2.852099338394277310e-03
1.290000000000000000e+02 3.165590912859493969e-03
1.300000000000000000e+02 3.437126753281210395e-03
1.310000000000000000e+02 3.663768130668607417e-03
1.320000000000000000e+02 3.843158035784301901e-03
1.330000000000000000e+02 3.973542554984219217e-03
1.340000000000000000e+02 4.053784833424028955e-03
1.350000000000000000e+02 4.083371548808034310e-03
1.360000000000000000e+02 4.062411908316216659e-03
1.370000000000000000e+02 3.991629269200738100e-03
1.380000000000000000e+02 3.872345568876371050e-03
1.390000000000000000e+02 3.706458832232576404e-03
1.400000000000000000e+02 3.496414101487914199e-03
1.410000000000000000e+02 3.245168206435013712e-03
1.420000000000000000e+02 2.956148859608704119e-03
1.430000000000000000e+02 2.633208621135988727e-03
1.440000000000000000e+02 2.280574331173532230e-03
1.450000000000000000e+02 1.902792653448693964e-03
1.460000000000000000e+02 1.504672411058018654e-03
1.470000000000000000e+02 1.091224425041887984e-03
1.480000000000000000e+02 6.675995871267574253e-04
1.490000000000000000e+02 2.390259102704444388e-04
1.500000000000000000e+02 -1.892546957520165746e-04
1.510000000000000000e+02 -6.120491814741568087e-04
1.520000000000000000e+02 -1.024274918736828299e-03
1.530000000000000000e+02 -1.421019358303099792e-03
1.540000000000000000e+02 -1.797597106260017882e-03
1.550000000000000000e+02 -2.149603778210697202e-03
1.560000000000000000e+02 -2.472966034024429161e-03
1.570000000000000000e+02 -2.763987246020502449e-03
1.580000000000000000e+02 -3.019388309299828391e-03
1.590000000000000000e+02 -3.236343163801305017e-03
1.600000000000000000e+02 -3.412508662825809724e-03
1.610000000000000000e+02 -3.546048491454855539e-03
1.620000000000000000e+02 -3.635650909687696518e-03
1.630000000000000000e+02 -3.680540168399076308e-03
1.640000000000000000e+02 -3.680481520542857286e-03
1.650000000000000000e+02 -3.635779824538474397e-03
1.660000000000000000e+02 -3.547271810651834133e-03
1.670000000000000000e+02 -3.416312153575268296e-03
1.680000000000000000e+02 -3.244753564542284842e-03
1.690000000000000000e+02 -3.034921183399459568e-03
1.700000000000000000e+02 -2.789581614370977881e-03
1.710000000000000000e+02 -2.511907008122974804e-03
1.720000000000000000e+02 -2.205434646522624539e-03
1.730000000000000000e+02 -1.874022534647327856e-03
1.740000000000000000e+02 -1.521801546614064051e-03
1.750000000000000000e+02 -1.153124707265921773e-03
1.760000000000000000e+02 -7.725142203080671149e-04
1.770000000000000000e+02 -3.846068748701372830e-04
1.780000000000000000e+02 5.901523502022110179e-06
1.790000000000000000e+02 3.943120448600453271e-04
1.800000000000000000e+02 7.759781982241940879e-04
1.810000000000000000e+02 1.146360522995633693e-03
1.820000000000000000e+02 1.501079580694829677e-03
1.830000000000000000e+02 1.835966741956898338e-03
1.840000000000000000e+02 2.147112193092265767e-03
1.850000000000000000e+02 2.430909622265688824e-03
1.860000000000000000e+02 2.684097087002471071e-03
1.870000000000000000e+02 2.903793611797236135e-03
1.880000000000000000e+02 3.087531116503488410e-03
1.890000000000000000e+02 3.233281332315069735e-03
1.900000000000000000e+02 3.339477421850759603e-03
1.910000000000000000e+02 3.405030082413744094e-03
1.920000000000000000e+02 3.429337976222868352e-03
1.930000000000000000e+02 3.412292397524676300e-03
1.940000000000000000e+02 3.354276153277237910e-03
1.950000000000000000e+02 3.256156700749693149e-03
1.960000000000000000e+02 3.119273651198345779e-03
1.970000000000000000e+02 2.945420812988828844e-03
1.980000000000000000e+02 2.736823009427756959e-03
1.990000000000000000e+02 2.496107965470245431e-03
2.000000000000000000e+02 2.226273612717013378e-03
2.010000000000000000e+02 1.930651213112848357e-03
2.020000000000000000e+02 1.612864747936890251e-03
2.030000000000000000e+02 1.276787059558638551e-03
2.040000000000000000e+02 9.264932685644463109e-04
2.050000000000000000e+02 5.662120178714850731e-04
2.060000000000000000e+02 2.002751180534656332e-04
2.070000000000000000e+02 -1.669338159443678124e-04
2.080000000000000000e+02 -5.310311373556367981e-04
2.090000000000000000e+02 -8.876847477728129834e-04
2.100000000000000000e+02 -1.232664887894386989e-03
2.110000000000000000e+02 -1.561893553133373268e-03
2.120000000000000000e+02 -1.871491966385294137e-03
2.130000000000000000e+02 -2.157825564645306574e-03
2.140000000000000000e+02 -2.417545986679389344e-03
2.150000000000000000e+02 -2.647629585184439402e-03
2.160000000000000000e+02 -2.845412028441032803e-03
2.170000000000000000e+02 -3.008618602828494817e-03
2.180000000000000000e+02 -3.135389878216670104e-03
2.190000000000000000e+02 -3.224302452618173914e-03
2.200000000000000000e+02 -3.274384549875365702e-03
2.210000000000000000e+02 -3.285126304002626216e-03
2.220000000000000000e+02 -3.256484625332583052e-03
2.230000000000000000e+02 -3.188882606209746118e-03
2.240000000000000000e+02 -3.083203486845336252e-03
2.250000000000000000e+02 -2.940779264442289383e-03
2.260000000000000000e+02 -2.763374090083631392e-03
2.270000000000000000e+02 -2.553162657463929099e-03
2.280000000000000000e+02 -2.312703844660578614e-03
2.290000000000000000e+02 -2.044909924157999829e-03
2.300000000000000000e+02 -1.753011706643093064e-03
2.310000000000000000e+02 -1.440520030111218895e-03
2.320000000000000000e+02 -1.111184047071170182e-03
2.330000000000000000e+02 -7.689467986374177609e-04
2.340000000000000000e+02 -4.178985946553579302e-04
2.350000000000000000e+02 -6.222874339173001083e-05
2.360000000000000000e+02 2.938238075357309069e-04
2.370000000000000000e+02 6.460203456043877440e-04
2.380000000000000000e+02 9.901722046799779284e-04
2.390000000000000000e+02 1.322189936089682855e-03
2.400000000000000000e+02 1.638131270448097213e-03
2.410000000000000000e+02 1.934247315746619005e-03
2.420000000000000000e+02 2.207026458053173469e-03
2.430000000000000000e+02 2.453235458090126386e-03
2.440000000000000000e+02 2.669957269624156915e-03
2.450000000000000000e+02 2.854625143668011039e-03
2.460000000000000000e+02 3.005052625501601279e-03
2.470000000000000000e+02 3.119459098985616352e-03
2.480000000000000000e+02 3.196490584034317184e-03
2.490000000000000000e+02 3.235235547834156011e-03
